50240,
50250,
50260,
50270,
50310,
50350,
51160,
52160,
52180,
55220,
56160,
57170,
57180,
57260,
57310,
57340,
58000,
58110,
58120,
58130,
58140,
58150,
81150,
81210,
82130,
82150,
82160,
84170,
84280,
84310,
84320,
84330,
84360,
92110,
92140,
92150,
93120,
93130,
94120,
94130,
94140,
94150,
94160,
94170,
94180,
94190,
94220,
94230,
95110,
95120,
95130,
95140,
95150,
95160,
95170,
96110,
96120,
96130,
96140,
96150,
96160,
96170,
96180,
96190,
96210,
96220,
20120,
23000,
23120,
23170,
71180,
71240